{
 "cells": [
  {
   "cell_type": "code",
   "execution_count": 1,
   "metadata": {},
   "outputs": [],
   "source": [
    "import pandas as pd\n",
    "import numpy as np\n",
    "import seaborn as sns\n",
    "import matplotlib.pyplot as plt"
   ]
  },
  {
   "cell_type": "code",
   "execution_count": 2,
   "metadata": {},
   "outputs": [
    {
     "data": {
      "text/plain": [
       "'1.5.3'"
      ]
     },
     "execution_count": 2,
     "metadata": {},
     "output_type": "execute_result"
    }
   ],
   "source": [
    "pd.__version__"
   ]
  },
  {
   "cell_type": "code",
   "execution_count": 13,
   "metadata": {},
   "outputs": [
    {
     "data": {
      "text/plain": [
       "{('Sican', 'Recuay'): 0.13476243404578547,\n",
       " ('Sican', 'Vicus'): 0.10580617975893225,\n",
       " ('Sican', 'Lima'): 0.14467897716080746,\n",
       " ('Sican', 'Gallinazo'): 0.14985465971345502,\n",
       " ('Sican', 'Moche'): 0.121148440843729,\n",
       " ('Sican', 'Salinar'): 0.13398321499148003,\n",
       " ('Sican', 'Paracas'): 0.15485866919203684,\n",
       " ('Sican', 'Wari'): 0.14119584540000973,\n",
       " ('Sican', 'Cajamarca'): 0.16870124378086793,\n",
       " ('Sican', 'Cupisnique'): 0.13860158107241016,\n",
       " ('Sican', 'Pukara'): 0.14482280873055275,\n",
       " ('Sican', 'Nasca'): 0.14347374770463783,\n",
       " ('Sican', 'Chimu'): 0.1141795017772732,\n",
       " ('Sican', 'Chanca'): 0.12204736823384121,\n",
       " ('Sican', 'Chancay'): 0.15801317370259305,\n",
       " ('Sican', 'Inca'): 0.14312766597395987,\n",
       " ('Sican', 'Tiahuanaco'): 0.15296572330668168,\n",
       " ('Sican', 'Chincha'): 0.15131426484549204,\n",
       " ('Recuay', 'Vicus'): 0.1298529588476769,\n",
       " ('Recuay', 'Lima'): 0.13723397388712322,\n",
       " ('Recuay', 'Gallinazo'): 0.14991346664817085,\n",
       " ('Recuay', 'Moche'): 0.13131351947846637,\n",
       " ('Recuay', 'Salinar'): 0.1554005129060636,\n",
       " ('Recuay', 'Paracas'): 0.14868487972359135,\n",
       " ('Recuay', 'Wari'): 0.14224908200827213,\n",
       " ('Recuay', 'Cajamarca'): 0.16341650011424658,\n",
       " ('Recuay', 'Cupisnique'): 0.1544704136659092,\n",
       " ('Recuay', 'Pukara'): 0.13521047977812095,\n",
       " ('Recuay', 'Nasca'): 0.14262969909036505,\n",
       " ('Recuay', 'Chimu'): 0.13498668421824955,\n",
       " ('Recuay', 'Chanca'): 0.12650512385983514,\n",
       " ('Recuay', 'Chancay'): 0.14978056683417662,\n",
       " ('Recuay', 'Inca'): 0.14394181674834317,\n",
       " ('Recuay', 'Tiahuanaco'): 0.14325961315952418,\n",
       " ('Recuay', 'Chincha'): 0.14483636695604651,\n",
       " ('Vicus', 'Lima'): 0.13605895549801195,\n",
       " ('Vicus', 'Gallinazo'): 0.14435226802639856,\n",
       " ('Vicus', 'Moche'): 0.11516623534532722,\n",
       " ('Vicus', 'Salinar'): 0.13152678908378024,\n",
       " ('Vicus', 'Paracas'): 0.15194422739793811,\n",
       " ('Vicus', 'Wari'): 0.13393498515590763,\n",
       " ('Vicus', 'Cajamarca'): 0.16509647831306884,\n",
       " ('Vicus', 'Cupisnique'): 0.13528586725940162,\n",
       " ('Vicus', 'Pukara'): 0.14095423099177162,\n",
       " ('Vicus', 'Nasca'): 0.13766168858390648,\n",
       " ('Vicus', 'Chimu'): 0.11025379975208915,\n",
       " ('Vicus', 'Chanca'): 0.11399704333753458,\n",
       " ('Vicus', 'Chancay'): 0.15167156214140087,\n",
       " ('Vicus', 'Inca'): 0.13783185231908435,\n",
       " ('Vicus', 'Tiahuanaco'): 0.14826111123164087,\n",
       " ('Vicus', 'Chincha'): 0.14813497531690356,\n",
       " ('Lima', 'Gallinazo'): 0.1555228168741607,\n",
       " ('Lima', 'Moche'): 0.13597405649924432,\n",
       " ('Lima', 'Salinar'): 0.15722566497841506,\n",
       " ('Lima', 'Paracas'): 0.14153540165425427,\n",
       " ('Lima', 'Wari'): 0.13479346017474658,\n",
       " ('Lima', 'Cajamarca'): 0.1580661334314224,\n",
       " ('Lima', 'Cupisnique'): 0.1600709598739366,\n",
       " ('Lima', 'Pukara'): 0.13618803360661103,\n",
       " ('Lima', 'Nasca'): 0.133818457701398,\n",
       " ('Lima', 'Chimu'): 0.1410296476711479,\n",
       " ('Lima', 'Chanca'): 0.12769496262628244,\n",
       " ('Lima', 'Chancay'): 0.13886582075413378,\n",
       " ('Lima', 'Inca'): 0.1375519558625753,\n",
       " ('Lima', 'Tiahuanaco'): 0.1323122520231883,\n",
       " ('Lima', 'Chincha'): 0.13616522567558043,\n",
       " ('Gallinazo', 'Moche'): 0.14224806759451813,\n",
       " ('Gallinazo', 'Salinar'): 0.18017282595656425,\n",
       " ('Gallinazo', 'Paracas'): 0.176781196147607,\n",
       " ('Gallinazo', 'Wari'): 0.15581206716061857,\n",
       " ('Gallinazo', 'Cajamarca'): 0.18779576223234162,\n",
       " ('Gallinazo', 'Cupisnique'): 0.17466251207696804,\n",
       " ('Gallinazo', 'Pukara'): 0.160079321769512,\n",
       " ('Gallinazo', 'Nasca'): 0.1570845685248523,\n",
       " ('Gallinazo', 'Chimu'): 0.1481533481174807,\n",
       " ('Gallinazo', 'Chanca'): 0.13075230669598847,\n",
       " ('Gallinazo', 'Chancay'): 0.16649769291240546,\n",
       " ('Gallinazo', 'Inca'): 0.16869922422669947,\n",
       " ('Gallinazo', 'Tiahuanaco'): 0.17132079715698123,\n",
       " ('Gallinazo', 'Chincha'): 0.17525283416136705,\n",
       " ('Moche', 'Salinar'): 0.14251712231807612,\n",
       " ('Moche', 'Paracas'): 0.15162264328401454,\n",
       " ('Moche', 'Wari'): 0.1348337910862083,\n",
       " ('Moche', 'Cajamarca'): 0.16574754097301647,\n",
       " ('Moche', 'Cupisnique'): 0.1427050004286744,\n",
       " ('Moche', 'Pukara'): 0.13828176136493942,\n",
       " ('Moche', 'Nasca'): 0.14025994711343903,\n",
       " ('Moche', 'Chimu'): 0.12100836926506142,\n",
       " ('Moche', 'Chanca'): 0.1171289938428669,\n",
       " ('Moche', 'Chancay'): 0.14894224008465595,\n",
       " ('Moche', 'Inca'): 0.13928107213480911,\n",
       " ('Moche', 'Tiahuanaco'): 0.14614869753118698,\n",
       " ('Moche', 'Chincha'): 0.1449922259399523,\n",
       " ('Salinar', 'Paracas'): 0.15809979450679712,\n",
       " ('Salinar', 'Wari'): 0.14942169582678233,\n",
       " ('Salinar', 'Cajamarca'): 0.1722053740359204,\n",
       " ('Salinar', 'Cupisnique'): 0.1497854535148273,\n",
       " ('Salinar', 'Pukara'): 0.15600145370203378,\n",
       " ('Salinar', 'Nasca'): 0.1627904417952435,\n",
       " ('Salinar', 'Chimu'): 0.14021716084583336,\n",
       " ('Salinar', 'Chanca'): 0.14793021775415638,\n",
       " ('Salinar', 'Chancay'): 0.16104210236101624,\n",
       " ('Salinar', 'Inca'): 0.14859887189729482,\n",
       " ('Salinar', 'Tiahuanaco'): 0.15648528662108474,\n",
       " ('Salinar', 'Chincha'): 0.1486108945697181,\n",
       " ('Paracas', 'Wari'): 0.149376367127398,\n",
       " ('Paracas', 'Cajamarca'): 0.11958161015813262,\n",
       " ('Paracas', 'Cupisnique'): 0.15531580480925344,\n",
       " ('Paracas', 'Pukara'): 0.13158675185141333,\n",
       " ('Paracas', 'Nasca'): 0.1413319869608025,\n",
       " ('Paracas', 'Chimu'): 0.15530468426577648,\n",
       " ('Paracas', 'Chanca'): 0.1500178462791617,\n",
       " ('Paracas', 'Chancay'): 0.13827624618592704,\n",
       " ('Paracas', 'Inca'): 0.14288373656910314,\n",
       " ('Paracas', 'Tiahuanaco'): 0.1114540577923947,\n",
       " ('Paracas', 'Chincha'): 0.13368078450366638,\n",
       " ('Wari', 'Cajamarca'): 0.16407991952975964,\n",
       " ('Wari', 'Cupisnique'): 0.1570878327068811,\n",
       " ('Wari', 'Pukara'): 0.14579195437853776,\n",
       " ('Wari', 'Nasca'): 0.14756070068163463,\n",
       " ('Wari', 'Chimu'): 0.13766278766242723,\n",
       " ('Wari', 'Chanca'): 0.12743457591720153,\n",
       " ('Wari', 'Chancay'): 0.14430121932296747,\n",
       " ('Wari', 'Inca'): 0.13926947948877544,\n",
       " ('Wari', 'Tiahuanaco'): 0.14110494800736284,\n",
       " ('Wari', 'Chincha'): 0.14041613127974162,\n",
       " ('Cajamarca', 'Cupisnique'): 0.159959132920672,\n",
       " ('Cajamarca', 'Pukara'): 0.14460180382557974,\n",
       " ('Cajamarca', 'Nasca'): 0.14943584356359074,\n",
       " ('Cajamarca', 'Chimu'): 0.1665908521996774,\n",
       " ('Cajamarca', 'Chanca'): 0.16218231318761323,\n",
       " ('Cajamarca', 'Chancay'): 0.14731351469964538,\n",
       " ('Cajamarca', 'Inca'): 0.15525900500884193,\n",
       " ('Cajamarca', 'Tiahuanaco'): 0.11892871477389844,\n",
       " ('Cajamarca', 'Chincha'): 0.15400847153804642,\n",
       " ('Cupisnique', 'Pukara'): 0.1535428188321455,\n",
       " ('Cupisnique', 'Nasca'): 0.15741573530877118,\n",
       " ('Cupisnique', 'Chimu'): 0.14013783837172777,\n",
       " ('Cupisnique', 'Chanca'): 0.14839581638036792,\n",
       " ('Cupisnique', 'Chancay'): 0.16141061289615255,\n",
       " ('Cupisnique', 'Inca'): 0.1555461175909172,\n",
       " ('Cupisnique', 'Tiahuanaco'): 0.1555530356817426,\n",
       " ('Cupisnique', 'Chincha'): 0.15754300298287804,\n",
       " ('Pukara', 'Nasca'): 0.13533733376219514,\n",
       " ('Pukara', 'Chimu'): 0.14494156130647096,\n",
       " ('Pukara', 'Chanca'): 0.1356392518781545,\n",
       " ('Pukara', 'Chancay'): 0.14411721608406014,\n",
       " ('Pukara', 'Inca'): 0.1442765598769833,\n",
       " ('Pukara', 'Tiahuanaco'): 0.12700111193468722,\n",
       " ('Pukara', 'Chincha'): 0.13297113847397068,\n",
       " ('Nasca', 'Chimu'): 0.14341996664175394,\n",
       " ('Nasca', 'Chanca'): 0.1259786206448248,\n",
       " ('Nasca', 'Chancay'): 0.14949219071394593,\n",
       " ('Nasca', 'Inca'): 0.14855366328038266,\n",
       " ('Nasca', 'Tiahuanaco'): 0.1348853168528602,\n",
       " ('Nasca', 'Chincha'): 0.1497344046927347,\n",
       " ('Chimu', 'Chanca'): 0.11961060446230809,\n",
       " ('Chimu', 'Chancay'): 0.15371764946405198,\n",
       " ('Chimu', 'Inca'): 0.14186411080947225,\n",
       " ('Chimu', 'Tiahuanaco'): 0.15149783195454447,\n",
       " ('Chimu', 'Chincha'): 0.15120759395725814,\n",
       " ('Chanca', 'Chancay'): 0.14289365361984552,\n",
       " ('Chanca', 'Inca'): 0.13624195969045128,\n",
       " ('Chanca', 'Tiahuanaco'): 0.14276260415091702,\n",
       " ('Chanca', 'Chincha'): 0.14749266022734497,\n",
       " ('Chancay', 'Inca'): 0.14408342210928615,\n",
       " ('Chancay', 'Tiahuanaco'): 0.13166005910733103,\n",
       " ('Chancay', 'Chincha'): 0.13924855604008246,\n",
       " ('Inca', 'Tiahuanaco'): 0.13607563773660514,\n",
       " ('Inca', 'Chincha'): 0.13782679613341808,\n",
       " ('Tiahuanaco', 'Chincha'): 0.12592365117155646}"
      ]
     },
     "execution_count": 13,
     "metadata": {},
     "output_type": "execute_result"
    }
   ],
   "source": [
    "distances_bert = dict()\n",
    "cultures = list()\n",
    "with open('../../data/distances/mean_cosine_distances_ada.txt', 'r') as file:\n",
    "    for line in file:\n",
    "        _, pair, _, m_distance = line.strip().split(' ')\n",
    "        c1, c2 = pair.split('-')\n",
    "        if c1 not in cultures:\n",
    "            cultures.append(c1)\n",
    "        if c2 not in cultures:\n",
    "            cultures.append(c2)\n",
    "            \n",
    "        distances_bert[(c1, c2)] = 1 - np.float64(m_distance)\n",
    "\n",
    "distances_bert"
   ]
  },
  {
   "cell_type": "code",
   "execution_count": 14,
   "metadata": {},
   "outputs": [
    {
     "data": {
      "text/html": [
       "<div>\n",
       "<style scoped>\n",
       "    .dataframe tbody tr th:only-of-type {\n",
       "        vertical-align: middle;\n",
       "    }\n",
       "\n",
       "    .dataframe tbody tr th {\n",
       "        vertical-align: top;\n",
       "    }\n",
       "\n",
       "    .dataframe thead th {\n",
       "        text-align: right;\n",
       "    }\n",
       "</style>\n",
       "<table border=\"1\" class=\"dataframe\">\n",
       "  <thead>\n",
       "    <tr style=\"text-align: right;\">\n",
       "      <th></th>\n",
       "      <th>Cajamarca</th>\n",
       "      <th>Chanca</th>\n",
       "      <th>Chancay</th>\n",
       "      <th>Chimu</th>\n",
       "      <th>Chincha</th>\n",
       "      <th>Cupisnique</th>\n",
       "      <th>Gallinazo</th>\n",
       "      <th>Inca</th>\n",
       "      <th>Lima</th>\n",
       "      <th>Moche</th>\n",
       "      <th>Nasca</th>\n",
       "      <th>Paracas</th>\n",
       "      <th>Pukara</th>\n",
       "      <th>Recuay</th>\n",
       "      <th>Salinar</th>\n",
       "      <th>Sican</th>\n",
       "      <th>Tiahuanaco</th>\n",
       "      <th>Vicus</th>\n",
       "      <th>Wari</th>\n",
       "    </tr>\n",
       "  </thead>\n",
       "  <tbody>\n",
       "    <tr>\n",
       "      <th>Cajamarca</th>\n",
       "      <td>NaN</td>\n",
       "      <td>NaN</td>\n",
       "      <td>NaN</td>\n",
       "      <td>NaN</td>\n",
       "      <td>NaN</td>\n",
       "      <td>NaN</td>\n",
       "      <td>NaN</td>\n",
       "      <td>NaN</td>\n",
       "      <td>NaN</td>\n",
       "      <td>NaN</td>\n",
       "      <td>NaN</td>\n",
       "      <td>NaN</td>\n",
       "      <td>NaN</td>\n",
       "      <td>NaN</td>\n",
       "      <td>NaN</td>\n",
       "      <td>NaN</td>\n",
       "      <td>NaN</td>\n",
       "      <td>NaN</td>\n",
       "      <td>NaN</td>\n",
       "    </tr>\n",
       "    <tr>\n",
       "      <th>Chanca</th>\n",
       "      <td>NaN</td>\n",
       "      <td>NaN</td>\n",
       "      <td>NaN</td>\n",
       "      <td>NaN</td>\n",
       "      <td>NaN</td>\n",
       "      <td>NaN</td>\n",
       "      <td>NaN</td>\n",
       "      <td>NaN</td>\n",
       "      <td>NaN</td>\n",
       "      <td>NaN</td>\n",
       "      <td>NaN</td>\n",
       "      <td>NaN</td>\n",
       "      <td>NaN</td>\n",
       "      <td>NaN</td>\n",
       "      <td>NaN</td>\n",
       "      <td>NaN</td>\n",
       "      <td>NaN</td>\n",
       "      <td>NaN</td>\n",
       "      <td>NaN</td>\n",
       "    </tr>\n",
       "    <tr>\n",
       "      <th>Chancay</th>\n",
       "      <td>NaN</td>\n",
       "      <td>NaN</td>\n",
       "      <td>NaN</td>\n",
       "      <td>NaN</td>\n",
       "      <td>NaN</td>\n",
       "      <td>NaN</td>\n",
       "      <td>NaN</td>\n",
       "      <td>NaN</td>\n",
       "      <td>NaN</td>\n",
       "      <td>NaN</td>\n",
       "      <td>NaN</td>\n",
       "      <td>NaN</td>\n",
       "      <td>NaN</td>\n",
       "      <td>NaN</td>\n",
       "      <td>NaN</td>\n",
       "      <td>NaN</td>\n",
       "      <td>NaN</td>\n",
       "      <td>NaN</td>\n",
       "      <td>NaN</td>\n",
       "    </tr>\n",
       "    <tr>\n",
       "      <th>Chimu</th>\n",
       "      <td>NaN</td>\n",
       "      <td>NaN</td>\n",
       "      <td>NaN</td>\n",
       "      <td>NaN</td>\n",
       "      <td>NaN</td>\n",
       "      <td>NaN</td>\n",
       "      <td>NaN</td>\n",
       "      <td>NaN</td>\n",
       "      <td>NaN</td>\n",
       "      <td>NaN</td>\n",
       "      <td>NaN</td>\n",
       "      <td>NaN</td>\n",
       "      <td>NaN</td>\n",
       "      <td>NaN</td>\n",
       "      <td>NaN</td>\n",
       "      <td>NaN</td>\n",
       "      <td>NaN</td>\n",
       "      <td>NaN</td>\n",
       "      <td>NaN</td>\n",
       "    </tr>\n",
       "    <tr>\n",
       "      <th>Chincha</th>\n",
       "      <td>NaN</td>\n",
       "      <td>NaN</td>\n",
       "      <td>NaN</td>\n",
       "      <td>NaN</td>\n",
       "      <td>NaN</td>\n",
       "      <td>NaN</td>\n",
       "      <td>NaN</td>\n",
       "      <td>NaN</td>\n",
       "      <td>NaN</td>\n",
       "      <td>NaN</td>\n",
       "      <td>NaN</td>\n",
       "      <td>NaN</td>\n",
       "      <td>NaN</td>\n",
       "      <td>NaN</td>\n",
       "      <td>NaN</td>\n",
       "      <td>NaN</td>\n",
       "      <td>NaN</td>\n",
       "      <td>NaN</td>\n",
       "      <td>NaN</td>\n",
       "    </tr>\n",
       "  </tbody>\n",
       "</table>\n",
       "</div>"
      ],
      "text/plain": [
       "           Cajamarca  Chanca  Chancay  Chimu  Chincha  Cupisnique  Gallinazo  \\\n",
       "Cajamarca        NaN     NaN      NaN    NaN      NaN         NaN        NaN   \n",
       "Chanca           NaN     NaN      NaN    NaN      NaN         NaN        NaN   \n",
       "Chancay          NaN     NaN      NaN    NaN      NaN         NaN        NaN   \n",
       "Chimu            NaN     NaN      NaN    NaN      NaN         NaN        NaN   \n",
       "Chincha          NaN     NaN      NaN    NaN      NaN         NaN        NaN   \n",
       "\n",
       "           Inca  Lima  Moche  Nasca  Paracas  Pukara  Recuay  Salinar  Sican  \\\n",
       "Cajamarca   NaN   NaN    NaN    NaN      NaN     NaN     NaN      NaN    NaN   \n",
       "Chanca      NaN   NaN    NaN    NaN      NaN     NaN     NaN      NaN    NaN   \n",
       "Chancay     NaN   NaN    NaN    NaN      NaN     NaN     NaN      NaN    NaN   \n",
       "Chimu       NaN   NaN    NaN    NaN      NaN     NaN     NaN      NaN    NaN   \n",
       "Chincha     NaN   NaN    NaN    NaN      NaN     NaN     NaN      NaN    NaN   \n",
       "\n",
       "           Tiahuanaco  Vicus  Wari  \n",
       "Cajamarca         NaN    NaN   NaN  \n",
       "Chanca            NaN    NaN   NaN  \n",
       "Chancay           NaN    NaN   NaN  \n",
       "Chimu             NaN    NaN   NaN  \n",
       "Chincha           NaN    NaN   NaN  "
      ]
     },
     "execution_count": 14,
     "metadata": {},
     "output_type": "execute_result"
    }
   ],
   "source": [
    "df = pd.DataFrame(index=sorted(cultures), columns=sorted(cultures))\n",
    "\n",
    "for c in cultures:\n",
    "    df[c] = df[c].astype(np.float64)\n",
    "df.head()"
   ]
  },
  {
   "cell_type": "code",
   "execution_count": 15,
   "metadata": {},
   "outputs": [],
   "source": [
    "for c1 in cultures:\n",
    "    for c2 in cultures:\n",
    "        if c1 == c2:\n",
    "            df[c1][c2] = 0\n",
    "        elif (c1, c2) in distances_bert.keys():\n",
    "            df[c1][c2] = distances_bert[(c1, c2)]\n",
    "            df[c2][c1] = distances_bert[(c1, c2)]\n",
    "        elif (c2, c1) in distances_bert.keys():\n",
    "            df[c1][c2] = distances_bert[(c2, c1)]\n",
    "            df[c2][c1] = distances_bert[(c2, c1)]\n",
    "        else:\n",
    "            df[c1][c2] = 0.0\n",
    "            df[c2][c1] = 0.0"
   ]
  },
  {
   "cell_type": "code",
   "execution_count": 16,
   "metadata": {},
   "outputs": [
    {
     "data": {
      "text/html": [
       "<div>\n",
       "<style scoped>\n",
       "    .dataframe tbody tr th:only-of-type {\n",
       "        vertical-align: middle;\n",
       "    }\n",
       "\n",
       "    .dataframe tbody tr th {\n",
       "        vertical-align: top;\n",
       "    }\n",
       "\n",
       "    .dataframe thead th {\n",
       "        text-align: right;\n",
       "    }\n",
       "</style>\n",
       "<table border=\"1\" class=\"dataframe\">\n",
       "  <thead>\n",
       "    <tr style=\"text-align: right;\">\n",
       "      <th></th>\n",
       "      <th>Cajamarca</th>\n",
       "      <th>Chanca</th>\n",
       "      <th>Chancay</th>\n",
       "      <th>Chimu</th>\n",
       "      <th>Chincha</th>\n",
       "      <th>Cupisnique</th>\n",
       "      <th>Gallinazo</th>\n",
       "      <th>Inca</th>\n",
       "      <th>Lima</th>\n",
       "      <th>Moche</th>\n",
       "      <th>Nasca</th>\n",
       "      <th>Paracas</th>\n",
       "      <th>Pukara</th>\n",
       "      <th>Recuay</th>\n",
       "      <th>Salinar</th>\n",
       "      <th>Sican</th>\n",
       "      <th>Tiahuanaco</th>\n",
       "      <th>Vicus</th>\n",
       "      <th>Wari</th>\n",
       "    </tr>\n",
       "  </thead>\n",
       "  <tbody>\n",
       "    <tr>\n",
       "      <th>Cajamarca</th>\n",
       "      <td>0.000000</td>\n",
       "      <td>0.162182</td>\n",
       "      <td>0.147314</td>\n",
       "      <td>0.166591</td>\n",
       "      <td>0.154008</td>\n",
       "      <td>0.159959</td>\n",
       "      <td>0.187796</td>\n",
       "      <td>0.155259</td>\n",
       "      <td>0.158066</td>\n",
       "      <td>0.165748</td>\n",
       "      <td>0.149436</td>\n",
       "      <td>0.119582</td>\n",
       "      <td>0.144602</td>\n",
       "      <td>0.163417</td>\n",
       "      <td>0.172205</td>\n",
       "      <td>0.168701</td>\n",
       "      <td>0.118929</td>\n",
       "      <td>0.165096</td>\n",
       "      <td>0.164080</td>\n",
       "    </tr>\n",
       "    <tr>\n",
       "      <th>Chanca</th>\n",
       "      <td>0.162182</td>\n",
       "      <td>0.000000</td>\n",
       "      <td>0.142894</td>\n",
       "      <td>0.119611</td>\n",
       "      <td>0.147493</td>\n",
       "      <td>0.148396</td>\n",
       "      <td>0.130752</td>\n",
       "      <td>0.136242</td>\n",
       "      <td>0.127695</td>\n",
       "      <td>0.117129</td>\n",
       "      <td>0.125979</td>\n",
       "      <td>0.150018</td>\n",
       "      <td>0.135639</td>\n",
       "      <td>0.126505</td>\n",
       "      <td>0.147930</td>\n",
       "      <td>0.122047</td>\n",
       "      <td>0.142763</td>\n",
       "      <td>0.113997</td>\n",
       "      <td>0.127435</td>\n",
       "    </tr>\n",
       "    <tr>\n",
       "      <th>Chancay</th>\n",
       "      <td>0.147314</td>\n",
       "      <td>0.142894</td>\n",
       "      <td>0.000000</td>\n",
       "      <td>0.153718</td>\n",
       "      <td>0.139249</td>\n",
       "      <td>0.161411</td>\n",
       "      <td>0.166498</td>\n",
       "      <td>0.144083</td>\n",
       "      <td>0.138866</td>\n",
       "      <td>0.148942</td>\n",
       "      <td>0.149492</td>\n",
       "      <td>0.138276</td>\n",
       "      <td>0.144117</td>\n",
       "      <td>0.149781</td>\n",
       "      <td>0.161042</td>\n",
       "      <td>0.158013</td>\n",
       "      <td>0.131660</td>\n",
       "      <td>0.151672</td>\n",
       "      <td>0.144301</td>\n",
       "    </tr>\n",
       "    <tr>\n",
       "      <th>Chimu</th>\n",
       "      <td>0.166591</td>\n",
       "      <td>0.119611</td>\n",
       "      <td>0.153718</td>\n",
       "      <td>0.000000</td>\n",
       "      <td>0.151208</td>\n",
       "      <td>0.140138</td>\n",
       "      <td>0.148153</td>\n",
       "      <td>0.141864</td>\n",
       "      <td>0.141030</td>\n",
       "      <td>0.121008</td>\n",
       "      <td>0.143420</td>\n",
       "      <td>0.155305</td>\n",
       "      <td>0.144942</td>\n",
       "      <td>0.134987</td>\n",
       "      <td>0.140217</td>\n",
       "      <td>0.114180</td>\n",
       "      <td>0.151498</td>\n",
       "      <td>0.110254</td>\n",
       "      <td>0.137663</td>\n",
       "    </tr>\n",
       "    <tr>\n",
       "      <th>Chincha</th>\n",
       "      <td>0.154008</td>\n",
       "      <td>0.147493</td>\n",
       "      <td>0.139249</td>\n",
       "      <td>0.151208</td>\n",
       "      <td>0.000000</td>\n",
       "      <td>0.157543</td>\n",
       "      <td>0.175253</td>\n",
       "      <td>0.137827</td>\n",
       "      <td>0.136165</td>\n",
       "      <td>0.144992</td>\n",
       "      <td>0.149734</td>\n",
       "      <td>0.133681</td>\n",
       "      <td>0.132971</td>\n",
       "      <td>0.144836</td>\n",
       "      <td>0.148611</td>\n",
       "      <td>0.151314</td>\n",
       "      <td>0.125924</td>\n",
       "      <td>0.148135</td>\n",
       "      <td>0.140416</td>\n",
       "    </tr>\n",
       "    <tr>\n",
       "      <th>Cupisnique</th>\n",
       "      <td>0.159959</td>\n",
       "      <td>0.148396</td>\n",
       "      <td>0.161411</td>\n",
       "      <td>0.140138</td>\n",
       "      <td>0.157543</td>\n",
       "      <td>0.000000</td>\n",
       "      <td>0.174663</td>\n",
       "      <td>0.155546</td>\n",
       "      <td>0.160071</td>\n",
       "      <td>0.142705</td>\n",
       "      <td>0.157416</td>\n",
       "      <td>0.155316</td>\n",
       "      <td>0.153543</td>\n",
       "      <td>0.154470</td>\n",
       "      <td>0.149785</td>\n",
       "      <td>0.138602</td>\n",
       "      <td>0.155553</td>\n",
       "      <td>0.135286</td>\n",
       "      <td>0.157088</td>\n",
       "    </tr>\n",
       "    <tr>\n",
       "      <th>Gallinazo</th>\n",
       "      <td>0.187796</td>\n",
       "      <td>0.130752</td>\n",
       "      <td>0.166498</td>\n",
       "      <td>0.148153</td>\n",
       "      <td>0.175253</td>\n",
       "      <td>0.174663</td>\n",
       "      <td>0.000000</td>\n",
       "      <td>0.168699</td>\n",
       "      <td>0.155523</td>\n",
       "      <td>0.142248</td>\n",
       "      <td>0.157085</td>\n",
       "      <td>0.176781</td>\n",
       "      <td>0.160079</td>\n",
       "      <td>0.149913</td>\n",
       "      <td>0.180173</td>\n",
       "      <td>0.149855</td>\n",
       "      <td>0.171321</td>\n",
       "      <td>0.144352</td>\n",
       "      <td>0.155812</td>\n",
       "    </tr>\n",
       "    <tr>\n",
       "      <th>Inca</th>\n",
       "      <td>0.155259</td>\n",
       "      <td>0.136242</td>\n",
       "      <td>0.144083</td>\n",
       "      <td>0.141864</td>\n",
       "      <td>0.137827</td>\n",
       "      <td>0.155546</td>\n",
       "      <td>0.168699</td>\n",
       "      <td>0.000000</td>\n",
       "      <td>0.137552</td>\n",
       "      <td>0.139281</td>\n",
       "      <td>0.148554</td>\n",
       "      <td>0.142884</td>\n",
       "      <td>0.144277</td>\n",
       "      <td>0.143942</td>\n",
       "      <td>0.148599</td>\n",
       "      <td>0.143128</td>\n",
       "      <td>0.136076</td>\n",
       "      <td>0.137832</td>\n",
       "      <td>0.139269</td>\n",
       "    </tr>\n",
       "    <tr>\n",
       "      <th>Lima</th>\n",
       "      <td>0.158066</td>\n",
       "      <td>0.127695</td>\n",
       "      <td>0.138866</td>\n",
       "      <td>0.141030</td>\n",
       "      <td>0.136165</td>\n",
       "      <td>0.160071</td>\n",
       "      <td>0.155523</td>\n",
       "      <td>0.137552</td>\n",
       "      <td>0.000000</td>\n",
       "      <td>0.135974</td>\n",
       "      <td>0.133818</td>\n",
       "      <td>0.141535</td>\n",
       "      <td>0.136188</td>\n",
       "      <td>0.137234</td>\n",
       "      <td>0.157226</td>\n",
       "      <td>0.144679</td>\n",
       "      <td>0.132312</td>\n",
       "      <td>0.136059</td>\n",
       "      <td>0.134793</td>\n",
       "    </tr>\n",
       "    <tr>\n",
       "      <th>Moche</th>\n",
       "      <td>0.165748</td>\n",
       "      <td>0.117129</td>\n",
       "      <td>0.148942</td>\n",
       "      <td>0.121008</td>\n",
       "      <td>0.144992</td>\n",
       "      <td>0.142705</td>\n",
       "      <td>0.142248</td>\n",
       "      <td>0.139281</td>\n",
       "      <td>0.135974</td>\n",
       "      <td>0.000000</td>\n",
       "      <td>0.140260</td>\n",
       "      <td>0.151623</td>\n",
       "      <td>0.138282</td>\n",
       "      <td>0.131314</td>\n",
       "      <td>0.142517</td>\n",
       "      <td>0.121148</td>\n",
       "      <td>0.146149</td>\n",
       "      <td>0.115166</td>\n",
       "      <td>0.134834</td>\n",
       "    </tr>\n",
       "    <tr>\n",
       "      <th>Nasca</th>\n",
       "      <td>0.149436</td>\n",
       "      <td>0.125979</td>\n",
       "      <td>0.149492</td>\n",
       "      <td>0.143420</td>\n",
       "      <td>0.149734</td>\n",
       "      <td>0.157416</td>\n",
       "      <td>0.157085</td>\n",
       "      <td>0.148554</td>\n",
       "      <td>0.133818</td>\n",
       "      <td>0.140260</td>\n",
       "      <td>0.000000</td>\n",
       "      <td>0.141332</td>\n",
       "      <td>0.135337</td>\n",
       "      <td>0.142630</td>\n",
       "      <td>0.162790</td>\n",
       "      <td>0.143474</td>\n",
       "      <td>0.134885</td>\n",
       "      <td>0.137662</td>\n",
       "      <td>0.147561</td>\n",
       "    </tr>\n",
       "    <tr>\n",
       "      <th>Paracas</th>\n",
       "      <td>0.119582</td>\n",
       "      <td>0.150018</td>\n",
       "      <td>0.138276</td>\n",
       "      <td>0.155305</td>\n",
       "      <td>0.133681</td>\n",
       "      <td>0.155316</td>\n",
       "      <td>0.176781</td>\n",
       "      <td>0.142884</td>\n",
       "      <td>0.141535</td>\n",
       "      <td>0.151623</td>\n",
       "      <td>0.141332</td>\n",
       "      <td>0.000000</td>\n",
       "      <td>0.131587</td>\n",
       "      <td>0.148685</td>\n",
       "      <td>0.158100</td>\n",
       "      <td>0.154859</td>\n",
       "      <td>0.111454</td>\n",
       "      <td>0.151944</td>\n",
       "      <td>0.149376</td>\n",
       "    </tr>\n",
       "    <tr>\n",
       "      <th>Pukara</th>\n",
       "      <td>0.144602</td>\n",
       "      <td>0.135639</td>\n",
       "      <td>0.144117</td>\n",
       "      <td>0.144942</td>\n",
       "      <td>0.132971</td>\n",
       "      <td>0.153543</td>\n",
       "      <td>0.160079</td>\n",
       "      <td>0.144277</td>\n",
       "      <td>0.136188</td>\n",
       "      <td>0.138282</td>\n",
       "      <td>0.135337</td>\n",
       "      <td>0.131587</td>\n",
       "      <td>0.000000</td>\n",
       "      <td>0.135210</td>\n",
       "      <td>0.156001</td>\n",
       "      <td>0.144823</td>\n",
       "      <td>0.127001</td>\n",
       "      <td>0.140954</td>\n",
       "      <td>0.145792</td>\n",
       "    </tr>\n",
       "    <tr>\n",
       "      <th>Recuay</th>\n",
       "      <td>0.163417</td>\n",
       "      <td>0.126505</td>\n",
       "      <td>0.149781</td>\n",
       "      <td>0.134987</td>\n",
       "      <td>0.144836</td>\n",
       "      <td>0.154470</td>\n",
       "      <td>0.149913</td>\n",
       "      <td>0.143942</td>\n",
       "      <td>0.137234</td>\n",
       "      <td>0.131314</td>\n",
       "      <td>0.142630</td>\n",
       "      <td>0.148685</td>\n",
       "      <td>0.135210</td>\n",
       "      <td>0.000000</td>\n",
       "      <td>0.155401</td>\n",
       "      <td>0.134762</td>\n",
       "      <td>0.143260</td>\n",
       "      <td>0.129853</td>\n",
       "      <td>0.142249</td>\n",
       "    </tr>\n",
       "    <tr>\n",
       "      <th>Salinar</th>\n",
       "      <td>0.172205</td>\n",
       "      <td>0.147930</td>\n",
       "      <td>0.161042</td>\n",
       "      <td>0.140217</td>\n",
       "      <td>0.148611</td>\n",
       "      <td>0.149785</td>\n",
       "      <td>0.180173</td>\n",
       "      <td>0.148599</td>\n",
       "      <td>0.157226</td>\n",
       "      <td>0.142517</td>\n",
       "      <td>0.162790</td>\n",
       "      <td>0.158100</td>\n",
       "      <td>0.156001</td>\n",
       "      <td>0.155401</td>\n",
       "      <td>0.000000</td>\n",
       "      <td>0.133983</td>\n",
       "      <td>0.156485</td>\n",
       "      <td>0.131527</td>\n",
       "      <td>0.149422</td>\n",
       "    </tr>\n",
       "    <tr>\n",
       "      <th>Sican</th>\n",
       "      <td>0.168701</td>\n",
       "      <td>0.122047</td>\n",
       "      <td>0.158013</td>\n",
       "      <td>0.114180</td>\n",
       "      <td>0.151314</td>\n",
       "      <td>0.138602</td>\n",
       "      <td>0.149855</td>\n",
       "      <td>0.143128</td>\n",
       "      <td>0.144679</td>\n",
       "      <td>0.121148</td>\n",
       "      <td>0.143474</td>\n",
       "      <td>0.154859</td>\n",
       "      <td>0.144823</td>\n",
       "      <td>0.134762</td>\n",
       "      <td>0.133983</td>\n",
       "      <td>0.000000</td>\n",
       "      <td>0.152966</td>\n",
       "      <td>0.105806</td>\n",
       "      <td>0.141196</td>\n",
       "    </tr>\n",
       "    <tr>\n",
       "      <th>Tiahuanaco</th>\n",
       "      <td>0.118929</td>\n",
       "      <td>0.142763</td>\n",
       "      <td>0.131660</td>\n",
       "      <td>0.151498</td>\n",
       "      <td>0.125924</td>\n",
       "      <td>0.155553</td>\n",
       "      <td>0.171321</td>\n",
       "      <td>0.136076</td>\n",
       "      <td>0.132312</td>\n",
       "      <td>0.146149</td>\n",
       "      <td>0.134885</td>\n",
       "      <td>0.111454</td>\n",
       "      <td>0.127001</td>\n",
       "      <td>0.143260</td>\n",
       "      <td>0.156485</td>\n",
       "      <td>0.152966</td>\n",
       "      <td>0.000000</td>\n",
       "      <td>0.148261</td>\n",
       "      <td>0.141105</td>\n",
       "    </tr>\n",
       "    <tr>\n",
       "      <th>Vicus</th>\n",
       "      <td>0.165096</td>\n",
       "      <td>0.113997</td>\n",
       "      <td>0.151672</td>\n",
       "      <td>0.110254</td>\n",
       "      <td>0.148135</td>\n",
       "      <td>0.135286</td>\n",
       "      <td>0.144352</td>\n",
       "      <td>0.137832</td>\n",
       "      <td>0.136059</td>\n",
       "      <td>0.115166</td>\n",
       "      <td>0.137662</td>\n",
       "      <td>0.151944</td>\n",
       "      <td>0.140954</td>\n",
       "      <td>0.129853</td>\n",
       "      <td>0.131527</td>\n",
       "      <td>0.105806</td>\n",
       "      <td>0.148261</td>\n",
       "      <td>0.000000</td>\n",
       "      <td>0.133935</td>\n",
       "    </tr>\n",
       "    <tr>\n",
       "      <th>Wari</th>\n",
       "      <td>0.164080</td>\n",
       "      <td>0.127435</td>\n",
       "      <td>0.144301</td>\n",
       "      <td>0.137663</td>\n",
       "      <td>0.140416</td>\n",
       "      <td>0.157088</td>\n",
       "      <td>0.155812</td>\n",
       "      <td>0.139269</td>\n",
       "      <td>0.134793</td>\n",
       "      <td>0.134834</td>\n",
       "      <td>0.147561</td>\n",
       "      <td>0.149376</td>\n",
       "      <td>0.145792</td>\n",
       "      <td>0.142249</td>\n",
       "      <td>0.149422</td>\n",
       "      <td>0.141196</td>\n",
       "      <td>0.141105</td>\n",
       "      <td>0.133935</td>\n",
       "      <td>0.000000</td>\n",
       "    </tr>\n",
       "  </tbody>\n",
       "</table>\n",
       "</div>"
      ],
      "text/plain": [
       "            Cajamarca    Chanca   Chancay     Chimu   Chincha  Cupisnique  \\\n",
       "Cajamarca    0.000000  0.162182  0.147314  0.166591  0.154008    0.159959   \n",
       "Chanca       0.162182  0.000000  0.142894  0.119611  0.147493    0.148396   \n",
       "Chancay      0.147314  0.142894  0.000000  0.153718  0.139249    0.161411   \n",
       "Chimu        0.166591  0.119611  0.153718  0.000000  0.151208    0.140138   \n",
       "Chincha      0.154008  0.147493  0.139249  0.151208  0.000000    0.157543   \n",
       "Cupisnique   0.159959  0.148396  0.161411  0.140138  0.157543    0.000000   \n",
       "Gallinazo    0.187796  0.130752  0.166498  0.148153  0.175253    0.174663   \n",
       "Inca         0.155259  0.136242  0.144083  0.141864  0.137827    0.155546   \n",
       "Lima         0.158066  0.127695  0.138866  0.141030  0.136165    0.160071   \n",
       "Moche        0.165748  0.117129  0.148942  0.121008  0.144992    0.142705   \n",
       "Nasca        0.149436  0.125979  0.149492  0.143420  0.149734    0.157416   \n",
       "Paracas      0.119582  0.150018  0.138276  0.155305  0.133681    0.155316   \n",
       "Pukara       0.144602  0.135639  0.144117  0.144942  0.132971    0.153543   \n",
       "Recuay       0.163417  0.126505  0.149781  0.134987  0.144836    0.154470   \n",
       "Salinar      0.172205  0.147930  0.161042  0.140217  0.148611    0.149785   \n",
       "Sican        0.168701  0.122047  0.158013  0.114180  0.151314    0.138602   \n",
       "Tiahuanaco   0.118929  0.142763  0.131660  0.151498  0.125924    0.155553   \n",
       "Vicus        0.165096  0.113997  0.151672  0.110254  0.148135    0.135286   \n",
       "Wari         0.164080  0.127435  0.144301  0.137663  0.140416    0.157088   \n",
       "\n",
       "            Gallinazo      Inca      Lima     Moche     Nasca   Paracas  \\\n",
       "Cajamarca    0.187796  0.155259  0.158066  0.165748  0.149436  0.119582   \n",
       "Chanca       0.130752  0.136242  0.127695  0.117129  0.125979  0.150018   \n",
       "Chancay      0.166498  0.144083  0.138866  0.148942  0.149492  0.138276   \n",
       "Chimu        0.148153  0.141864  0.141030  0.121008  0.143420  0.155305   \n",
       "Chincha      0.175253  0.137827  0.136165  0.144992  0.149734  0.133681   \n",
       "Cupisnique   0.174663  0.155546  0.160071  0.142705  0.157416  0.155316   \n",
       "Gallinazo    0.000000  0.168699  0.155523  0.142248  0.157085  0.176781   \n",
       "Inca         0.168699  0.000000  0.137552  0.139281  0.148554  0.142884   \n",
       "Lima         0.155523  0.137552  0.000000  0.135974  0.133818  0.141535   \n",
       "Moche        0.142248  0.139281  0.135974  0.000000  0.140260  0.151623   \n",
       "Nasca        0.157085  0.148554  0.133818  0.140260  0.000000  0.141332   \n",
       "Paracas      0.176781  0.142884  0.141535  0.151623  0.141332  0.000000   \n",
       "Pukara       0.160079  0.144277  0.136188  0.138282  0.135337  0.131587   \n",
       "Recuay       0.149913  0.143942  0.137234  0.131314  0.142630  0.148685   \n",
       "Salinar      0.180173  0.148599  0.157226  0.142517  0.162790  0.158100   \n",
       "Sican        0.149855  0.143128  0.144679  0.121148  0.143474  0.154859   \n",
       "Tiahuanaco   0.171321  0.136076  0.132312  0.146149  0.134885  0.111454   \n",
       "Vicus        0.144352  0.137832  0.136059  0.115166  0.137662  0.151944   \n",
       "Wari         0.155812  0.139269  0.134793  0.134834  0.147561  0.149376   \n",
       "\n",
       "              Pukara    Recuay   Salinar     Sican  Tiahuanaco     Vicus  \\\n",
       "Cajamarca   0.144602  0.163417  0.172205  0.168701    0.118929  0.165096   \n",
       "Chanca      0.135639  0.126505  0.147930  0.122047    0.142763  0.113997   \n",
       "Chancay     0.144117  0.149781  0.161042  0.158013    0.131660  0.151672   \n",
       "Chimu       0.144942  0.134987  0.140217  0.114180    0.151498  0.110254   \n",
       "Chincha     0.132971  0.144836  0.148611  0.151314    0.125924  0.148135   \n",
       "Cupisnique  0.153543  0.154470  0.149785  0.138602    0.155553  0.135286   \n",
       "Gallinazo   0.160079  0.149913  0.180173  0.149855    0.171321  0.144352   \n",
       "Inca        0.144277  0.143942  0.148599  0.143128    0.136076  0.137832   \n",
       "Lima        0.136188  0.137234  0.157226  0.144679    0.132312  0.136059   \n",
       "Moche       0.138282  0.131314  0.142517  0.121148    0.146149  0.115166   \n",
       "Nasca       0.135337  0.142630  0.162790  0.143474    0.134885  0.137662   \n",
       "Paracas     0.131587  0.148685  0.158100  0.154859    0.111454  0.151944   \n",
       "Pukara      0.000000  0.135210  0.156001  0.144823    0.127001  0.140954   \n",
       "Recuay      0.135210  0.000000  0.155401  0.134762    0.143260  0.129853   \n",
       "Salinar     0.156001  0.155401  0.000000  0.133983    0.156485  0.131527   \n",
       "Sican       0.144823  0.134762  0.133983  0.000000    0.152966  0.105806   \n",
       "Tiahuanaco  0.127001  0.143260  0.156485  0.152966    0.000000  0.148261   \n",
       "Vicus       0.140954  0.129853  0.131527  0.105806    0.148261  0.000000   \n",
       "Wari        0.145792  0.142249  0.149422  0.141196    0.141105  0.133935   \n",
       "\n",
       "                Wari  \n",
       "Cajamarca   0.164080  \n",
       "Chanca      0.127435  \n",
       "Chancay     0.144301  \n",
       "Chimu       0.137663  \n",
       "Chincha     0.140416  \n",
       "Cupisnique  0.157088  \n",
       "Gallinazo   0.155812  \n",
       "Inca        0.139269  \n",
       "Lima        0.134793  \n",
       "Moche       0.134834  \n",
