{
 "cells": [
  {
   "cell_type": "code",
   "execution_count": 1,
   "metadata": {},
   "outputs": [],
   "source": [
    "import pandas as pd\n",
    "import numpy as np\n",
    "import seaborn as sns\n",
    "import matplotlib.pyplot as plt"
   ]
  },
  {
   "cell_type": "code",
   "execution_count": 2,
   "metadata": {},
   "outputs": [
    {
     "data": {
      "text/plain": [
       "'1.5.3'"
      ]
     },
     "execution_count": 2,
     "metadata": {},
     "output_type": "execute_result"
    }
   ],
   "source": [
    "pd.__version__"
   ]
  },
  {
   "cell_type": "code",
   "execution_count": 3,
   "metadata": {},
   "outputs": [
    {
     "data": {
      "text/plain": [
       "{('Sican', 'Recuay'): 0.4826026835657279,\n",
       " ('Sican', 'Vicus'): 0.24212052350018176,\n",
       " ('Sican', 'Lima'): 0.6156284818020004,\n",
       " ('Sican', 'Gallinazo'): 0.4777881954653721,\n",
       " ('Sican', 'Moche'): 0.36838857734677966,\n",
       " ('Sican', 'Salinar'): 0.47046201127146303,\n",
       " ('Sican', 'Paracas'): 0.7572320787414513,\n",
       " ('Sican', 'Wari'): 0.5284486627382541,\n",
       " ('Sican', 'Cajamarca'): 0.8898122256648965,\n",
       " ('Sican', 'Cupisnique'): 0.5130359947495312,\n",
       " ('Sican', 'Pukara'): 0.765591794976917,\n",
       " ('Sican', 'Nasca'): 0.6939244103858677,\n",
       " ('Sican', 'Chimu'): 0.3368289752881869,\n",
       " ('Sican', 'Chanca'): 0.39122491275396876,\n",
       " ('Sican', 'Chancay'): 0.7389174867648347,\n",
       " ('Sican', 'Inca'): 0.5282567656424687,\n",
       " ('Sican', 'Tiahuanaco'): 0.7501207602126444,\n",
       " ('Sican', 'Chincha'): 0.6530011131658457,\n",
       " ('Recuay', 'Vicus'): 0.4867464690133191,\n",
       " ('Recuay', 'Lima'): 0.5820853224214775,\n",
       " ('Recuay', 'Gallinazo'): 0.5233467671885288,\n",
       " ('Recuay', 'Moche'): 0.4789703489100686,\n",
       " ('Recuay', 'Salinar'): 0.590059704813578,\n",
       " ('Recuay', 'Paracas'): 0.6963750148247537,\n",
       " ('Recuay', 'Wari'): 0.5422907683927418,\n",
       " ('Recuay', 'Cajamarca'): 0.816294729262355,\n",
       " ('Recuay', 'Cupisnique'): 0.6439309292104405,\n",
       " ('Recuay', 'Pukara'): 0.651108809229854,\n",
       " ('Recuay', 'Nasca'): 0.6568635837527961,\n",
       " ('Recuay', 'Chimu'): 0.5073855965100111,\n",
       " ('Recuay', 'Chanca'): 0.5041097685941098,\n",
       " ('Recuay', 'Chancay'): 0.678900671196511,\n",
       " ('Recuay', 'Inca'): 0.556652621610475,\n",
       " ('Recuay', 'Tiahuanaco'): 0.6756049128998607,\n",
       " ('Recuay', 'Chincha'): 0.6427918015162843,\n",
       " ('Vicus', 'Lima'): 0.4699484901451273,\n",
       " ('Vicus', 'Gallinazo'): 0.1909568267300179,\n",
       " ('Vicus', 'Moche'): 0.3237444011494087,\n",
       " ('Vicus', 'Salinar'): 0.4699525455687029,\n",
       " ('Vicus', 'Paracas'): 0.7509804223742795,\n",
       " ('Vicus', 'Wari'): 0.49275690071816547,\n",
       " ('Vicus', 'Cajamarca'): 0.8917736676228881,\n",
       " ('Vicus', 'Cupisnique'): 0.5221212673879173,\n",
       " ('Vicus', 'Pukara'): 0.8089847535941779,\n",
       " ('Vicus', 'Nasca'): 0.7522165000219768,\n",
       " ('Vicus', 'Chimu'): 0.3091425614735319,\n",
       " ('Vicus', 'Chanca'): 0.3725952211896594,\n",
       " ('Vicus', 'Chancay'): 0.6847654016627641,\n",
       " ('Vicus', 'Inca'): 0.4847159130161529,\n",
       " ('Vicus', 'Tiahuanaco'): 0.7483422010255222,\n",
       " ('Vicus', 'Chincha'): 0.6458793036307956,\n",
       " ('Lima', 'Gallinazo'): 0.47069319703259105,\n",
       " ('Lima', 'Moche'): 0.5166969256692107,\n",
       " ('Lima', 'Salinar'): 0.7132798093374482,\n",
       " ('Lima', 'Paracas'): 0.673134005012832,\n",
       " ('Lima', 'Wari'): 0.5164489498528788,\n",
       " ('Lima', 'Cajamarca'): 0.7961094848401874,\n",
       " ('Lima', 'Cupisnique'): 0.7923906973857521,\n",
       " ('Lima', 'Pukara'): 0.7305157577622082,\n",
       " ('Lima', 'Nasca'): 0.5942542948940703,\n",
       " ('Lima', 'Chimu'): 0.5863271853630554,\n",
       " ('Lima', 'Chanca'): 0.5632280780177676,\n",
       " ('Lima', 'Chancay'): 0.6567777063361431,\n",
       " ('Lima', 'Inca'): 0.6117665958106533,\n",
       " ('Lima', 'Tiahuanaco'): 0.6518410406354527,\n",
       " ('Lima', 'Chincha'): 0.6518039239963727,\n",
       " ('Gallinazo', 'Moche'): 0.42903646926419736,\n",
       " ('Gallinazo', 'Salinar'): 0.8266208513007488,\n",
       " ('Gallinazo', 'Paracas'): 0.9029758202894649,\n",
       " ('Gallinazo', 'Wari'): 0.6371841946305166,\n",
       " ('Gallinazo', 'Cajamarca'): 0.9873137879266671,\n",
       " ('Gallinazo', 'Cupisnique'): 0.828614160786009,\n",
       " ('Gallinazo', 'Pukara'): 0.8448954485928518,\n",
       " ('Gallinazo', 'Nasca'): 0.8487093864106593,\n",
       " ('Gallinazo', 'Chimu'): 0.4628900930474743,\n",
       " ('Gallinazo', 'Chanca'): 0.7272000622689784,\n",
       " ('Gallinazo', 'Chancay'): 0.8203879223037409,\n",
       " ('Gallinazo', 'Inca'): 0.7703540134899879,\n",
       " ('Gallinazo', 'Tiahuanaco'): 0.9181127801814006,\n",
       " ('Gallinazo', 'Chincha'): 0.8993553850867905,\n",
       " ('Moche', 'Salinar'): 0.5256384770263259,\n",
       " ('Moche', 'Paracas'): 0.7052620864457181,\n",
       " ('Moche', 'Wari'): 0.46766029552186084,\n",
       " ('Moche', 'Cajamarca'): 0.8447969675226258,\n",
       " ('Moche', 'Cupisnique'): 0.6185067070127088,\n",
       " ('Moche', 'Pukara'): 0.6661803798516928,\n",
       " ('Moche', 'Nasca'): 0.6371145890299701,\n",
       " ('Moche', 'Chimu'): 0.40154318206011363,\n",
       " ('Moche', 'Chanca'): 0.38869010548093497,\n",
       " ('Moche', 'Chancay'): 0.6439459679855973,\n",
       " ('Moche', 'Inca'): 0.49078125563018615,\n",
       " ('Moche', 'Tiahuanaco'): 0.6741264605752648,\n",
       " ('Moche', 'Chincha'): 0.5906986511767328,\n",
       " ('Salinar', 'Paracas'): 0.6798671828926262,\n",
       " ('Salinar', 'Wari'): 0.5950316122045164,\n",
       " ('Salinar', 'Cajamarca'): 0.8144289847715868,\n",
       " ('Salinar', 'Cupisnique'): 0.6353386826103733,\n",
       " ('Salinar', 'Pukara'): 0.7015545568272799,\n",
       " ('Salinar', 'Nasca'): 0.7690269440209037,\n",
       " ('Salinar', 'Chimu'): 0.5179335278764816,\n",
       " ('Salinar', 'Chanca'): 0.5693909160189599,\n",
       " ('Salinar', 'Chancay'): 0.7163357072388967,\n",
       " ('Salinar', 'Inca'): 0.6067934675585963,\n",
       " ('Salinar', 'Tiahuanaco'): 0.6820419494958214,\n",
       " ('Salinar', 'Chincha'): 0.6092382176883127,\n",
       " ('Paracas', 'Wari'): 0.667272048132732,\n",
       " ('Paracas', 'Cajamarca'): 0.534815242733647,\n",
       " ('Paracas', 'Cupisnique'): 0.7432532596968446,\n",
       " ('Paracas', 'Pukara'): 0.5726205052898978,\n",
       " ('Paracas', 'Nasca'): 0.6892230783571199,\n",
       " ('Paracas', 'Chimu'): 0.7761572881022929,\n",
       " ('Paracas', 'Chanca'): 0.7989702250189398,\n",
       " ('Paracas', 'Chancay'): 0.6370846767526446,\n",
       " ('Paracas', 'Inca'): 0.5923227117823505,\n",
       " ('Paracas', 'Tiahuanaco'): 0.5146179589793297,\n",
       " ('Paracas', 'Chincha'): 0.565301126506905,\n",
       " ('Wari', 'Cajamarca'): 0.788388251457538,\n",
       " ('Wari', 'Cupisnique'): 0.6735069524024531,\n",
       " ('Wari', 'Pukara'): 0.6100355142135732,\n",
       " ('Wari', 'Nasca'): 0.6312435570991284,\n",
       " ('Wari', 'Chimu'): 0.507360260332003,\n",
       " ('Wari', 'Chanca'): 0.47332878555668934,\n",
       " ('Wari', 'Chancay'): 0.6035180944565803,\n",
       " ('Wari', 'Inca'): 0.5093740325452139,\n",
       " ('Wari', 'Tiahuanaco'): 0.6137262713304195,\n",
       " ('Wari', 'Chincha'): 0.5604565693116016,\n",
       " ('Cajamarca', 'Cupisnique'): 0.823768927089807,\n",
       " ('Cajamarca', 'Pukara'): 0.7206331465225835,\n",
       " ('Cajamarca', 'Nasca'): 0.6990059836405473,\n",
       " ('Cajamarca', 'Chimu'): 0.895304960802882,\n",
       " ('Cajamarca', 'Chanca'): 0.8834493776161608,\n",
       " ('Cajamarca', 'Chancay'): 0.6889159872441502,\n",
       " ('Cajamarca', 'Inca'): 0.6994900563264381,\n",
       " ('Cajamarca', 'Tiahuanaco'): 0.49116016012550867,\n",
       " ('Cajamarca', 'Chincha'): 0.7046334488422513,\n",
       " ('Cupisnique', 'Pukara'): 0.7798906948531221,\n",
       " ('Cupisnique', 'Nasca'): 0.7382242629958887,\n",
       " ('Cupisnique', 'Chimu'): 0.5879452311409716,\n",
       " ('Cupisnique', 'Chanca'): 0.6214394256012318,\n",
       " ('Cupisnique', 'Chancay'): 0.7968068897868141,\n",
       " ('Cupisnique', 'Inca'): 0.6654746643442758,\n",
       " ('Cupisnique', 'Tiahuanaco'): 0.7333765900666034,\n",
       " ('Cupisnique', 'Chincha'): 0.7214765489781574,\n",
       " ('Pukara', 'Nasca'): 0.5517015917744801,\n",
       " ('Pukara', 'Chimu'): 0.7603219929906139,\n",
       " ('Pukara', 'Chanca'): 0.6063584791787402,\n",
       " ('Pukara', 'Chancay'): 0.6445484138106288,\n",
       " ('Pukara', 'Inca'): 0.6210323733966372,\n",
       " ('Pukara', 'Tiahuanaco'): 0.5204817934873194,\n",
       " ('Pukara', 'Chincha'): 0.5292288669183949,\n",
       " ('Nasca', 'Chimu'): 0.6731307210931382,\n",
       " ('Nasca', 'Chanca'): 0.4422113547945309,\n",
       " ('Nasca', 'Chancay'): 0.701631099025042,\n",
       " ('Nasca', 'Inca'): 0.6605264766961585,\n",
       " ('Nasca', 'Tiahuanaco'): 0.6256480574340281,\n",
       " ('Nasca', 'Chincha'): 0.7116792540466476,\n",
       " ('Chimu', 'Chanca'): 0.3761012876501575,\n",
       " ('Chimu', 'Chancay'): 0.7072426772105235,\n",
       " ('Chimu', 'Inca'): 0.5145850429983585,\n",
       " ('Chimu', 'Tiahuanaco'): 0.7530713473286109,\n",
       " ('Chimu', 'Chincha'): 0.6611992918091809,\n",
       " ('Chanca', 'Chancay'): 0.6579294025799458,\n",
       " ('Chanca', 'Inca'): 0.5723412157540518,\n",
       " ('Chanca', 'Tiahuanaco'): 0.7701553792780198,\n",
       " ('Chanca', 'Chincha'): 0.6836404449242596,\n",
       " ('Chancay', 'Inca'): 0.6259388591906467,\n",
       " ('Chancay', 'Tiahuanaco'): 0.5929677523629329,\n",
       " ('Chancay', 'Chincha'): 0.6280707689875946,\n",
       " ('Inca', 'Tiahuanaco'): 0.5623484270171972,\n",
       " ('Inca', 'Chincha'): 0.5590787545223534,\n",
       " ('Tiahuanaco', 'Chincha'): 0.5412333717109379}"
      ]
     },
     "execution_count": 3,
     "metadata": {},
     "output_type": "execute_result"
    }
   ],
   "source": [
    "distances_bert = dict()\n",
    "cultures = list()\n",
    "with open('../../data/distances/mean_cosine_distances_tfidf.txt', 'r') as file:\n",
    "    for line in file:\n",
    "        _, pair, _, m_distance = line.strip().split(' ')\n",
    "        c1, c2 = pair.split('-')\n",
    "        if c1 not in cultures:\n",
    "            cultures.append(c1)\n",
    "        if c2 not in cultures:\n",
    "            cultures.append(c2)\n",
    "            \n",
    "        distances_bert[(c1, c2)] = 1 - np.float64(m_distance)\n",
    "\n",
    "distances_bert"
   ]
  },
  {
   "cell_type": "code",
   "execution_count": 4,
   "metadata": {},
   "outputs": [
    {
     "data": {
      "text/html": [
       "<div>\n",
       "<style scoped>\n",
       "    .dataframe tbody tr th:only-of-type {\n",
       "        vertical-align: middle;\n",
       "    }\n",
       "\n",
       "    .dataframe tbody tr th {\n",
       "        vertical-align: top;\n",
       "    }\n",
       "\n",
       "    .dataframe thead th {\n",
       "        text-align: right;\n",
       "    }\n",
       "</style>\n",
       "<table border=\"1\" class=\"dataframe\">\n",
       "  <thead>\n",
       "    <tr style=\"text-align: right;\">\n",
       "      <th></th>\n",
       "      <th>Cajamarca</th>\n",
       "      <th>Chanca</th>\n",
       "      <th>Chancay</th>\n",
       "      <th>Chimu</th>\n",
       "      <th>Chincha</th>\n",
       "      <th>Cupisnique</th>\n",
       "      <th>Gallinazo</th>\n",
       "      <th>Inca</th>\n",
       "      <th>Lima</th>\n",
       "      <th>Moche</th>\n",
       "      <th>Nasca</th>\n",
       "      <th>Paracas</th>\n",
       "      <th>Pukara</th>\n",
       "      <th>Recuay</th>\n",
       "      <th>Salinar</th>\n",
       "      <th>Sican</th>\n",
       "      <th>Tiahuanaco</th>\n",
       "      <th>Vicus</th>\n",
       "      <th>Wari</th>\n",
       "    </tr>\n",
       "  </thead>\n",
       "  <tbody>\n",
       "    <tr>\n",
       "      <th>Cajamarca</th>\n",
       "      <td>NaN</td>\n",
       "      <td>NaN</td>\n",
       "      <td>NaN</td>\n",
       "      <td>NaN</td>\n",
       "      <td>NaN</td>\n",
       "      <td>NaN</td>\n",
       "      <td>NaN</td>\n",
       "      <td>NaN</td>\n",
       "      <td>NaN</td>\n",
       "      <td>NaN</td>\n",
       "      <td>NaN</td>\n",
       "      <td>NaN</td>\n",
       "      <td>NaN</td>\n",
       "      <td>NaN</td>\n",
       "      <td>NaN</td>\n",
       "      <td>NaN</td>\n",
       "      <td>NaN</td>\n",
       "      <td>NaN</td>\n",
       "      <td>NaN</td>\n",
       "    </tr>\n",
       "    <tr>\n",
       "      <th>Chanca</th>\n",
       "      <td>NaN</td>\n",
       "      <td>NaN</td>\n",
       "      <td>NaN</td>\n",
       "      <td>NaN</td>\n",
       "      <td>NaN</td>\n",
       "      <td>NaN</td>\n",
       "      <td>NaN</td>\n",
       "      <td>NaN</td>\n",
       "      <td>NaN</td>\n",
       "      <td>NaN</td>\n",
       "      <td>NaN</td>\n",
       "      <td>NaN</td>\n",
       "      <td>NaN</td>\n",
       "      <td>NaN</td>\n",
       "      <td>NaN</td>\n",
       "      <td>NaN</td>\n",
       "      <td>NaN</td>\n",
       "      <td>NaN</td>\n",
       "      <td>NaN</td>\n",
       "    </tr>\n",
       "    <tr>\n",
       "      <th>Chancay</th>\n",
       "      <td>NaN</td>\n",
       "      <td>NaN</td>\n",
       "      <td>NaN</td>\n",
       "      <td>NaN</td>\n",
       "      <td>NaN</td>\n",
       "      <td>NaN</td>\n",
       "      <td>NaN</td>\n",
       "      <td>NaN</td>\n",
       "      <td>NaN</td>\n",
       "      <td>NaN</td>\n",
       "      <td>NaN</td>\n",
       "      <td>NaN</td>\n",
       "      <td>NaN</td>\n",
       "      <td>NaN</td>\n",
       "      <td>NaN</td>\n",
       "      <td>NaN</td>\n",
       "      <td>NaN</td>\n",
       "      <td>NaN</td>\n",
       "      <td>NaN</td>\n",
       "    </tr>\n",
       "    <tr>\n",
       "      <th>Chimu</th>\n",
       "      <td>NaN</td>\n",
       "      <td>NaN</td>\n",
       "      <td>NaN</td>\n",
       "      <td>NaN</td>\n",
       "      <td>NaN</td>\n",
       "      <td>NaN</td>\n",
       "      <td>NaN</td>\n",
       "      <td>NaN</td>\n",
       "      <td>NaN</td>\n",
       "      <td>NaN</td>\n",
       "      <td>NaN</td>\n",
       "      <td>NaN</td>\n",
       "      <td>NaN</td>\n",
       "      <td>NaN</td>\n",
       "      <td>NaN</td>\n",
       "      <td>NaN</td>\n",
       "      <td>NaN</td>\n",
       "      <td>NaN</td>\n",
       "      <td>NaN</td>\n",
       "    </tr>\n",
       "    <tr>\n",
       "      <th>Chincha</th>\n",
       "      <td>NaN</td>\n",
       "      <td>NaN</td>\n",
       "      <td>NaN</td>\n",
       "      <td>NaN</td>\n",
       "      <td>NaN</td>\n",
       "      <td>NaN</td>\n",
       "      <td>NaN</td>\n",
       "      <td>NaN</td>\n",
       "      <td>NaN</td>\n",
       "      <td>NaN</td>\n",
       "      <td>NaN</td>\n",
       "      <td>NaN</td>\n",
       "      <td>NaN</td>\n",
       "      <td>NaN</td>\n",
       "      <td>NaN</td>\n",
       "      <td>NaN</td>\n",
       "      <td>NaN</td>\n",
       "      <td>NaN</td>\n",
       "      <td>NaN</td>\n",
       "    </tr>\n",
       "  </tbody>\n",
       "</table>\n",
       "</div>"
      ],
      "text/plain": [
       "           Cajamarca  Chanca  Chancay  Chimu  Chincha  Cupisnique  Gallinazo  \\\n",
       "Cajamarca        NaN     NaN      NaN    NaN      NaN         NaN        NaN   \n",
       "Chanca           NaN     NaN      NaN    NaN      NaN         NaN        NaN   \n",
       "Chancay          NaN     NaN      NaN    NaN      NaN         NaN        NaN   \n",
       "Chimu            NaN     NaN      NaN    NaN      NaN         NaN        NaN   \n",
       "Chincha          NaN     NaN      NaN    NaN      NaN         NaN        NaN   \n",
       "\n",
       "           Inca  Lima  Moche  Nasca  Paracas  Pukara  Recuay  Salinar  Sican  \\\n",
       "Cajamarca   NaN   NaN    NaN    NaN      NaN     NaN     NaN      NaN    NaN   \n",
       "Chanca      NaN   NaN    NaN    NaN      NaN     NaN     NaN      NaN    NaN   \n",
       "Chancay     NaN   NaN    NaN    NaN      NaN     NaN     NaN      NaN    NaN   \n",
       "Chimu       NaN   NaN    NaN    NaN      NaN     NaN     NaN      NaN    NaN   \n",
       "Chincha     NaN   NaN    NaN    NaN      NaN     NaN     NaN      NaN    NaN   \n",
       "\n",
       "           Tiahuanaco  Vicus  Wari  \n",
       "Cajamarca         NaN    NaN   NaN  \n",
       "Chanca            NaN    NaN   NaN  \n",
       "Chancay           NaN    NaN   NaN  \n",
       "Chimu             NaN    NaN   NaN  \n",
       "Chincha           NaN    NaN   NaN  "
      ]
     },
     "execution_count": 4,
     "metadata": {},
     "output_type": "execute_result"
    }
   ],
   "source": [
    "df = pd.DataFrame(index=sorted(cultures), columns=sorted(cultures))\n",
    "\n",
    "for c in cultures:\n",
    "    df[c] = df[c].astype(np.float64)\n",
    "df.head()"
   ]
  },
  {
   "cell_type": "code",
   "execution_count": 5,
   "metadata": {},
   "outputs": [],
   "source": [
    "for c1 in cultures:\n",
    "    for c2 in cultures:\n",
    "        if c1 == c2:\n",
    "            df[c1][c2] = 0\n",
    "        elif (c1, c2) in distances_bert.keys():\n",
    "            df[c1][c2] = distances_bert[(c1, c2)]\n",
    "            df[c2][c1] = distances_bert[(c1, c2)]\n",
    "        elif (c2, c1) in distances_bert.keys():\n",
    "            df[c1][c2] = distances_bert[(c2, c1)]\n",
    "            df[c2][c1] = distances_bert[(c2, c1)]\n",
    "        else:\n",
    "            df[c1][c2] = 0.0\n",
    "            df[c2][c1] = 0.0"
   ]
  },
  {
   "cell_type": "code",
   "execution_count": 6,
   "metadata": {},
   "outputs": [
    {
     "data": {
      "text/html": [
       "<div>\n",
       "<style scoped>\n",
       "    .dataframe tbody tr th:only-of-type {\n",
       "        vertical-align: middle;\n",
       "    }\n",
       "\n",
       "    .dataframe tbody tr th {\n",
       "        vertical-align: top;\n",
       "    }\n",
       "\n",
       "    .dataframe thead th {\n",
       "        text-align: right;\n",
       "    }\n",
       "</style>\n",
       "<table border=\"1\" class=\"dataframe\">\n",
       "  <thead>\n",
       "    <tr style=\"text-align: right;\">\n",
       "      <th></th>\n",
       "      <th>Cajamarca</th>\n",
       "      <th>Chanca</th>\n",
       "      <th>Chancay</th>\n",
       "      <th>Chimu</th>\n",
       "      <th>Chincha</th>\n",
       "      <th>Cupisnique</th>\n",
       "      <th>Gallinazo</th>\n",
       "      <th>Inca</th>\n",
       "      <th>Lima</th>\n",
       "      <th>Moche</th>\n",
       "      <th>Nasca</th>\n",
       "      <th>Paracas</th>\n",
       "      <th>Pukara</th>\n",
       "      <th>Recuay</th>\n",
       "      <th>Salinar</th>\n",
       "      <th>Sican</th>\n",
       "      <th>Tiahuanaco</th>\n",
       "      <th>Vicus</th>\n",
       "      <th>Wari</th>\n",
       "    </tr>\n",
       "  </thead>\n",
       "  <tbody>\n",
       "    <tr>\n",
       "      <th>Cajamarca</th>\n",
       "      <td>0.000000</td>\n",
       "      <td>0.883449</td>\n",
       "      <td>0.688916</td>\n",
       "      <td>0.895305</td>\n",
       "      <td>0.704633</td>\n",
       "      <td>0.823769</td>\n",
       "      <td>0.987314</td>\n",
       "      <td>0.699490</td>\n",
       "      <td>0.796109</td>\n",
       "      <td>0.844797</td>\n",
       "      <td>0.699006</td>\n",
       "      <td>0.534815</td>\n",
       "      <td>0.720633</td>\n",
       "      <td>0.816295</td>\n",
       "      <td>0.814429</td>\n",
       "      <td>0.889812</td>\n",
       "      <td>0.491160</td>\n",
       "      <td>0.891774</td>\n",
       "      <td>0.788388</td>\n",
       "    </tr>\n",
       "    <tr>\n",
       "      <th>Chanca</th>\n",
       "      <td>0.883449</td>\n",
       "      <td>0.000000</td>\n",
       "      <td>0.657929</td>\n",
       "      <td>0.376101</td>\n",
       "      <td>0.683640</td>\n",
       "      <td>0.621439</td>\n",
       "      <td>0.727200</td>\n",
       "      <td>0.572341</td>\n",
       "      <td>0.563228</td>\n",
       "      <td>0.388690</td>\n",
       "      <td>0.442211</td>\n",
       "      <td>0.798970</td>\n",
       "      <td>0.606358</td>\n",
       "      <td>0.504110</td>\n",
       "      <td>0.569391</td>\n",
       "      <td>0.391225</td>\n",
       "      <td>0.770155</td>\n",
       "      <td>0.372595</td>\n",
       "      <td>0.473329</td>\n",
       "    </tr>\n",
       "    <tr>\n",
       "      <th>Chancay</th>\n",
       "      <td>0.688916</td>\n",
       "      <td>0.657929</td>\n",
       "      <td>0.000000</td>\n",
       "      <td>0.707243</td>\n",
       "      <td>0.628071</td>\n",
       "      <td>0.796807</td>\n",
       "      <td>0.820388</td>\n",
       "      <td>0.625939</td>\n",
       "      <td>0.656778</td>\n",
       "      <td>0.643946</td>\n",
       "      <td>0.701631</td>\n",
       "      <td>0.637085</td>\n",
       "      <td>0.644548</td>\n",
       "      <td>0.678901</td>\n",
       "      <td>0.716336</td>\n",
       "      <td>0.738917</td>\n",
       "      <td>0.592968</td>\n",
       "      <td>0.684765</td>\n",
       "      <td>0.603518</td>\n",
       "    </tr>\n",
       "    <tr>\n",
       "      <th>Chimu</th>\n",
       "      <td>0.895305</td>\n",
       "      <td>0.376101</td>\n",
       "      <td>0.707243</td>\n",
       "      <td>0.000000</td>\n",
       "      <td>0.661199</td>\n",
       "      <td>0.587945</td>\n",
       "      <td>0.462890</td>\n",
       "      <td>0.514585</td>\n",
       "      <td>0.586327</td>\n",
       "      <td>0.401543</td>\n",
       "      <td>0.673131</td>\n",
       "      <td>0.776157</td>\n",
       "      <td>0.760322</td>\n",
       "      <td>0.507386</td>\n",
       "      <td>0.517934</td>\n",
       "      <td>0.336829</td>\n",
       "      <td>0.753071</td>\n",
       "      <td>0.309143</td>\n",
       "      <td>0.507360</td>\n",
       "    </tr>\n",
       "    <tr>\n",
       "      <th>Chincha</th>\n",
       "      <td>0.704633</td>\n",
       "      <td>0.683640</td>\n",
       "      <td>0.628071</td>\n",
       "      <td>0.661199</td>\n",
       "      <td>0.000000</td>\n",
       "      <td>0.721477</td>\n",
       "      <td>0.899355</td>\n",
       "      <td>0.559079</td>\n",
       "      <td>0.651804</td>\n",
       "      <td>0.590699</td>\n",
       "      <td>0.711679</td>\n",
       "      <td>0.565301</td>\n",
       "      <td>0.529229</td>\n",
       "      <td>0.642792</td>\n",
       "      <td>0.609238</td>\n",
       "      <td>0.653001</td>\n",
       "      <td>0.541233</td>\n",
       "      <td>0.645879</td>\n",
       "      <td>0.560457</td>\n",
       "    </tr>\n",
       "    <tr>\n",
       "      <th>Cupisnique</th>\n",
       "      <td>0.823769</td>\n",
       "      <td>0.621439</td>\n",
       "      <td>0.796807</td>\n",
       "      <td>0.587945</td>\n",
       "      <td>0.721477</td>\n",
       "      <td>0.000000</td>\n",
       "      <td>0.828614</td>\n",
       "      <td>0.665475</td>\n",
       "      <td>0.792391</td>\n",
       "      <td>0.618507</td>\n",
       "      <td>0.738224</td>\n",
       "      <td>0.743253</td>\n",
       "      <td>0.779891</td>\n",
       "      <td>0.643931</td>\n",
       "      <td>0.635339</td>\n",
       "      <td>0.513036</td>\n",
       "      <td>0.733377</td>\n",
       "      <td>0.522121</td>\n",
       "      <td>0.673507</td>\n",
       "    </tr>\n",
       "    <tr>\n",
       "      <th>Gallinazo</th>\n",
       "      <td>0.987314</td>\n",
       "      <td>0.727200</td>\n",
       "      <td>0.820388</td>\n",
       "      <td>0.462890</td>\n",
       "      <td>0.899355</td>\n",
       "      <td>0.828614</td>\n",
       "      <td>0.000000</td>\n",
       "      <td>0.770354</td>\n",
       "      <td>0.470693</td>\n",
       "      <td>0.429036</td>\n",
       "      <td>0.848709</td>\n",
       "      <td>0.902976</td>\n",
       "      <td>0.844895</td>\n",
       "      <td>0.523347</td>\n",
       "      <td>0.826621</td>\n",
       "      <td>0.477788</td>\n",
       "      <td>0.918113</td>\n",
       "      <td>0.190957</td>\n",
       "      <td>0.637184</td>\n",
       "    </tr>\n",
       "    <tr>\n",
       "      <th>Inca</th>\n",
       "      <td>0.699490</td>\n",
       "      <td>0.572341</td>\n",
       "      <td>0.625939</td>\n",
       "      <td>0.514585</td>\n",
       "      <td>0.559079</td>\n",
       "      <td>0.665475</td>\n",
       "      <td>0.770354</td>\n",
       "      <td>0.000000</td>\n",
       "      <td>0.611767</td>\n",
       "      <td>0.490781</td>\n",
       "      <td>0.660526</td>\n",
       "      <td>0.592323</td>\n",
       "      <td>0.621032</td>\n",
       "      <td>0.556653</td>\n",
       "      <td>0.606793</td>\n",
       "      <td>0.528257</td>\n",
       "      <td>0.562348</td>\n",
       "      <td>0.484716</td>\n",
       "      <td>0.509374</td>\n",
       "    </tr>\n",
       "    <tr>\n",
       "      <th>Lima</th>\n",
       "      <td>0.796109</td>\n",
       "      <td>0.563228</td>\n",
       "      <td>0.656778</td>\n",
       "      <td>0.586327</td>\n",
       "      <td>0.651804</td>\n",
       "      <td>0.792391</td>\n",
       "      <td>0.470693</td>\n",
       "      <td>0.611767</td>\n",
       "      <td>0.000000</td>\n",
       "      <td>0.516697</td>\n",
       "      <td>0.594254</td>\n",
       "      <td>0.673134</td>\n",
       "      <td>0.730516</td>\n",
       "      <td>0.582085</td>\n",
       "      <td>0.713280</td>\n",
       "      <td>0.615628</td>\n",
       "      <td>0.651841</td>\n",
       "      <td>0.469948</td>\n",
       "      <td>0.516449</td>\n",
       "    </tr>\n",
       "    <tr>\n",
       "      <th>Moche</th>\n",
       "      <td>0.844797</td>\n",
       "      <td>0.388690</td>\n",
       "      <td>0.643946</td>\n",
       "      <td>0.401543</td>\n",
       "      <td>0.590699</td>\n",
       "      <td>0.618507</td>\n",
       "      <td>0.429036</td>\n",
       "      <td>0.490781</td>\n",
       "      <td>0.516697</td>\n",
       "      <td>0.000000</td>\n",
       "      <td>0.637115</td>\n",
       "      <td>0.705262</td>\n",
       "      <td>0.666180</td>\n",
       "      <td>0.478970</td>\n",
       "      <td>0.525638</td>\n",
       "      <td>0.368389</td>\n",
       "      <td>0.674126</td>\n",
       "      <td>0.323744</td>\n",
       "      <td>0.467660</td>\n",
       "    </tr>\n",
       "    <tr>\n",
       "      <th>Nasca</th>\n",
       "      <td>0.699006</td>\n",
       "      <td>0.442211</td>\n",
       "      <td>0.701631</td>\n",
       "      <td>0.673131</td>\n",
       "      <td>0.711679</td>\n",
       "      <td>0.738224</td>\n",
       "      <td>0.848709</td>\n",
       "      <td>0.660526</td>\n",
       "      <td>0.594254</td>\n",
       "      <td>0.637115</td>\n",
       "      <td>0.000000</td>\n",
       "      <td>0.689223</td>\n",
       "      <td>0.551702</td>\n",
       "      <td>0.656864</td>\n",
       "      <td>0.769027</td>\n",
       "      <td>0.693924</td>\n",
       "      <td>0.625648</td>\n",
       "      <td>0.752217</td>\n",
       "      <td>0.631244</td>\n",
       "    </tr>\n",
       "    <tr>\n",
       "      <th>Paracas</th>\n",
       "      <td>0.534815</td>\n",
       "      <td>0.798970</td>\n",
       "      <td>0.637085</td>\n",
       "      <td>0.776157</td>\n",
       "      <td>0.565301</td>\n",
       "      <td>0.743253</td>\n",
       "      <td>0.902976</td>\n",
       "      <td>0.592323</td>\n",
       "      <td>0.673134</td>\n",
       "      <td>0.705262</td>\n",
       "      <td>0.689223</td>\n",
       "      <td>0.000000</td>\n",
       "      <td>0.572621</td>\n",
       "      <td>0.696375</td>\n",
       "      <td>0.679867</td>\n",
       "      <td>0.757232</td>\n",
       "      <td>0.514618</td>\n",
       "      <td>0.750980</td>\n",
       "      <td>0.667272</td>\n",
       "    </tr>\n",
       "    <tr>\n",
       "      <th>Pukara</th>\n",
       "      <td>0.720633</td>\n",
       "      <td>0.606358</td>\n",
       "      <td>0.644548</td>\n",
       "      <td>0.760322</td>\n",
       "      <td>0.529229</td>\n",
       "      <td>0.779891</td>\n",
       "      <td>0.844895</td>\n",
       "      <td>0.621032</td>\n",
       "      <td>0.730516</td>\n",
       "      <td>0.666180</td>\n",
       "      <td>0.551702</td>\n",
       "      <td>0.572621</td>\n",
       "      <td>0.000000</td>\n",
       "      <td>0.651109</td>\n",
       "      <td>0.701555</td>\n",
       "      <td>0.765592</td>\n",
       "      <td>0.520482</td>\n",
       "      <td>0.808985</td>\n",
       "      <td>0.610036</td>\n",
       "    </tr>\n",
       "    <tr>\n",
       "      <th>Recuay</th>\n",
       "      <td>0.816295</td>\n",
       "      <td>0.504110</td>\n",
       "      <td>0.678901</td>\n",
       "      <td>0.507386</td>\n",
       "      <td>0.642792</td>\n",
       "      <td>0.643931</td>\n",
       "      <td>0.523347</td>\n",
       "      <td>0.556653</td>\n",
       "      <td>0.582085</td>\n",
       "      <td>0.478970</td>\n",
       "      <td>0.656864</td>\n",
       "      <td>0.696375</td>\n",
       "      <td>0.651109</td>\n",
       "      <td>0.000000</td>\n",
       "      <td>0.590060</td>\n",
       "      <td>0.482603</td>\n",
       "      <td>0.675605</td>\n",
       "      <td>0.486746</td>\n",
       "      <td>0.542291</td>\n",
       "    </tr>\n",
       "    <tr>\n",
       "      <th>Salinar</th>\n",
       "      <td>0.814429</td>\n",
       "      <td>0.569391</td>\n",
       "      <td>0.716336</td>\n",
       "      <td>0.517934</td>\n",
       "      <td>0.609238</td>\n",
       "      <td>0.635339</td>\n",
       "      <td>0.826621</td>\n",
       "      <td>0.606793</td>\n",
       "      <td>0.713280</td>\n",
       "      <td>0.525638</td>\n",
       "      <td>0.769027</td>\n",
       "      <td>0.679867</td>\n",
       "      <td>0.701555</td>\n",
       "      <td>0.590060</td>\n",
       "      <td>0.000000</td>\n",
       "      <td>0.470462</td>\n",
       "      <td>0.682042</td>\n",
       "      <td>0.469953</td>\n",
       "      <td>0.595032</td>\n",
       "    </tr>\n",
       "    <tr>\n",
       "      <th>Sican</th>\n",
       "      <td>0.889812</td>\n",
       "      <td>0.391225</td>\n",
       "      <td>0.738917</td>\n",
       "      <td>0.336829</td>\n",
       "      <td>0.653001</td>\n",
       "      <td>0.513036</td>\n",
       "      <td>0.477788</td>\n",
       "      <td>0.528257</td>\n",
       "      <td>0.615628</td>\n",
       "      <td>0.368389</td>\n",
       "      <td>0.693924</td>\n",
       "      <td>0.757232</td>\n",
       "      <td>0.765592</td>\n",
       "      <td>0.482603</td>\n",
       "      <td>0.470462</td>\n",
       "      <td>0.000000</td>\n",
       "      <td>0.750121</td>\n",
       "      <td>0.242121</td>\n",
       "      <td>0.528449</td>\n",
       "    </tr>\n",
       "    <tr>\n",
       "      <th>Tiahuanaco</th>\n",
       "      <td>0.491160</td>\n",
       "      <td>0.770155</td>\n",
       "      <td>0.592968</td>\n",
       "      <td>0.753071</td>\n",
       "      <td>0.541233</td>\n",
       "      <td>0.733377</td>\n",
       "      <td>0.918113</td>\n",
       "      <td>0.562348</td>\n",
       "      <td>0.651841</td>\n",
       "      <td>0.674126</td>\n",
       "      <td>0.625648</td>\n",
       "      <td>0.514618</td>\n",
       "      <td>0.520482</td>\n",
       "      <td>0.675605</td>\n",
       "      <td>0.682042</td>\n",
       "      <td>0.750121</td>\n",
       "      <td>0.000000</td>\n",
       "      <td>0.748342</td>\n",
       "      <td>0.613726</td>\n",
       "    </tr>\n",
       "    <tr>\n",
       "      <th>Vicus</th>\n",
       "      <td>0.891774</td>\n",
       "      <td>0.372595</td>\n",
       "      <td>0.684765</td>\n",
       "      <td>0.309143</td>\n",
       "      <td>0.645879</td>\n",
       "      <td>0.522121</td>\n",
       "      <td>0.190957</td>\n",
       "      <td>0.484716</td>\n",
       "      <td>0.469948</td>\n",
       "      <td>0.323744</td>\n",
       "      <td>0.752217</td>\n",
       "      <td>0.750980</td>\n",
       "      <td>0.808985</td>\n",
       "      <td>0.486746</td>\n",
       "      <td>0.469953</td>\n",
       "      <td>0.242121</td>\n",
       "      <td>0.748342</td>\n",
       "      <td>0.000000</td>\n",
       "      <td>0.492757</td>\n",
       "    </tr>\n",
       "    <tr>\n",
       "      <th>Wari</th>\n",
       "      <td>0.788388</td>\n",
       "      <td>0.473329</td>\n",
       "      <td>0.603518</td>\n",
       "      <td>0.507360</td>\n",
       "      <td>0.560457</td>\n",
       "      <td>0.673507</td>\n",
       "      <td>0.637184</td>\n",
       "      <td>0.509374</td>\n",
       "      <td>0.516449</td>\n",
       "      <td>0.467660</td>\n",
       "      <td>0.631244</td>\n",
       "      <td>0.667272</td>\n",
       "      <td>0.610036</td>\n",
       "      <td>0.542291</td>\n",
       "      <td>0.595032</td>\n",
       "      <td>0.528449</td>\n",
       "      <td>0.613726</td>\n",
       "      <td>0.492757</td>\n",
       "      <td>0.000000</td>\n",
       "    </tr>\n",
       "  </tbody>\n",
       "</table>\n",
       "</div>"
      ],
      "text/plain": [
       "            Cajamarca    Chanca   Chancay     Chimu   Chincha  Cupisnique  \\\n",
       "Cajamarca    0.000000  0.883449  0.688916  0.895305  0.704633    0.823769   \n",
       "Chanca       0.883449  0.000000  0.657929  0.376101  0.683640    0.621439   \n",
       "Chancay      0.688916  0.657929  0.000000  0.707243  0.628071    0.796807   \n",
       "Chimu        0.895305  0.376101  0.707243  0.000000  0.661199    0.587945   \n",
       "Chincha      0.704633  0.683640  0.628071  0.661199  0.000000    0.721477   \n",
       "Cupisnique   0.823769  0.621439  0.796807  0.587945  0.721477    0.000000   \n",
       "Gallinazo    0.987314  0.727200  0.820388  0.462890  0.899355    0.828614   \n",
       "Inca         0.699490  0.572341  0.625939  0.514585  0.559079    0.665475   \n",
       "Lima         0.796109  0.563228  0.656778  0.586327  0.651804    0.792391   \n",
       "Moche        0.844797  0.388690  0.643946  0.401543  0.590699    0.618507   \n",
       "Nasca        0.699006  0.442211  0.701631  0.673131  0.711679    0.738224   \n",
       "Paracas      0.534815  0.798970  0.637085  0.776157  0.565301    0.743253   \n",
       "Pukara       0.720633  0.606358  0.644548  0.760322  0.529229    0.779891   \n",
       "Recuay       0.816295  0.504110  0.678901  0.507386  0.642792    0.643931   \n",
       "Salinar      0.814429  0.569391  0.716336  0.517934  0.609238    0.635339   \n",
       "Sican        0.889812  0.391225  0.738917  0.336829  0.653001    0.513036   \n",
       "Tiahuanaco   0.491160  0.770155  0.592968  0.753071  0.541233    0.733377   \n",
       "Vicus        0.891774  0.372595  0.684765  0.309143  0.645879    0.522121   \n",
       "Wari         0.788388  0.473329  0.603518  0.507360  0.560457    0.673507   \n",
       "\n",
       "            Gallinazo      Inca      Lima     Moche     Nasca   Paracas  \\\n",
       "Cajamarca    0.987314  0.699490  0.796109  0.844797  0.699006  0.534815   \n",
       "Chanca       0.727200  0.572341  0.563228  0.388690  0.442211  0.798970   \n",
       "Chancay      0.820388  0.625939  0.656778  0.643946  0.701631  0.637085   \n",
       "Chimu        0.462890  0.514585  0.586327  0.401543  0.673131  0.776157   \n",
       "Chincha      0.899355  0.559079  0.651804  0.590699  0.711679  0.565301   \n",
       "Cupisnique   0.828614  0.665475  0.792391  0.618507  0.738224  0.743253   \n",
       "Gallinazo    0.000000  0.770354  0.470693  0.429036  0.848709  0.902976   \n",
       "Inca         0.770354  0.000000  0.611767  0.490781  0.660526  0.592323   \n",
       "Lima         0.470693  0.611767  0.000000  0.516697  0.594254  0.673134   \n",
       "Moche        0.429036  0.490781  0.516697  0.000000  0.637115  0.705262   \n",
       "Nasca        0.848709  0.660526  0.594254  0.637115  0.000000  0.689223   \n",
       "Paracas      0.902976  0.592323  0.673134  0.705262  0.689223  0.000000   \n",
       "Pukara       0.844895  0.621032  0.730516  0.666180  0.551702  0.572621   \n",
       "Recuay       0.523347  0.556653  0.582085  0.478970  0.656864  0.696375   \n",
       "Salinar      0.826621  0.606793  0.713280  0.525638  0.769027  0.679867   \n",
       "Sican        0.477788  0.528257  0.615628  0.368389  0.693924  0.757232   \n",
       "Tiahuanaco   0.918113  0.562348  0.651841  0.674126  0.625648  0.514618   \n",
       "Vicus        0.190957  0.484716  0.469948  0.323744  0.752217  0.750980   \n",
       "Wari         0.637184  0.509374  0.516449  0.467660  0.631244  0.667272   \n",
       "\n",
       "              Pukara    Recuay   Salinar     Sican  Tiahuanaco     Vicus  \\\n",
       "Cajamarca   0.720633  0.816295  0.814429  0.889812    0.491160  0.891774   \n",
       "Chanca      0.606358  0.504110  0.569391  0.391225    0.770155  0.372595   \n",
       "Chancay     0.644548  0.678901  0.716336  0.738917    0.592968  0.684765   \n",
       "Chimu       0.760322  0.507386  0.517934  0.336829    0.753071  0.309143   \n",
       "Chincha     0.529229  0.642792  0.609238  0.653001    0.541233  0.645879   \n",
       "Cupisnique  0.779891  0.643931  0.635339  0.513036    0.733377  0.522121   \n",
       "Gallinazo   0.844895  0.523347  0.826621  0.477788    0.918113  0.190957   \n",
       "Inca        0.621032  0.556653  0.606793  0.528257    0.562348  0.484716   \n",
       "Lima        0.730516  0.582085  0.713280  0.615628    0.651841  0.469948   \n",
       "Moche       0.666180  0.478970  0.525638  0.368389    0.674126  0.323744   \n",
       "Nasca       0.551702  0.656864  0.769027  0.693924    0.625648  0.752217   \n",
       "Paracas     0.572621  0.696375  0.679867  0.757232    0.514618  0.750980   \n",
       "Pukara      0.000000  0.651109  0.701555  0.765592    0.520482  0.808985   \n",
       "Recuay      0.651109  0.000000  0.590060  0.482603    0.675605  0.486746   \n",
       "Salinar     0.701555  0.590060  0.000000  0.470462    0.682042  0.469953   \n",
       "Sican       0.765592  0.482603  0.470462  0.000000    0.750121  0.242121   \n",
       "Tiahuanaco  0.520482  0.675605  0.682042  0.750121    0.000000  0.748342   \n",
       "Vicus       0.808985  0.486746  0.469953  0.242121    0.748342  0.000000   \n",
       "Wari        0.610036  0.542291  0.595032  0.528449    0.613726  0.492757   \n",
       "\n",
       "                Wari  \n",
       "Cajamarca   0.788388  \n",
       "Chanca      0.473329  \n",
       "Chancay     0.603518  \n",
       "Chimu       0.507360  \n",
       "Chincha     0.560457  \n",
       "Cupisnique  0.673507  \n",
       "Gallinazo   0.637184  \n",
       "Inca        0.509374  \n",
       "Lima        0.516449  \n",
       "Moche       0.467660  \n",
       "Nasca       0.631244  \n",
       "Paracas     0.667272  \n",
       "Pukara      0.610036  \n",
       "Recuay      0.542291  \n",
